,0,1,2,3,4,5
0,0.33,0.2861517071723938,0.28880131244659424,0.2813932001590729,0.2727859616279602,0.27287381887435913
1,0.24,0.2283529043197632,0.22279240190982816,0.2260992377996445,0.2114111930131912,0.20702922344207764
2,0.75,0.6137065887451172,0.5756381750106812,0.5724378824234009,0.5674704313278198,0.5570047497749329
3,0.94,0.32731327414512634,0.3231008052825928,0.3216552436351776,0.318100780248642,0.32021406292915344
4,1.02,0.3123427331447601,0.2946535348892212,0.28164777159690857,0.2896674871444702,0.281228631734848
5,1.34,0.5333168506622314,0.5228326320648193,0.5220635533332825,0.5212258696556091,0.5069965124130249
6,0.32,0.312424510717392,0.3102947175502777,0.3126742243766785,0.30769386887550354,0.3119128942489624
7,0.24,0.2702323496341705,0.2674323320388794,0.2622755467891693,0.2602537572383881,0.26567843556404114
8,0.62,0.613175630569458,0.6055092811584473,0.6048040390014648,0.583601176738739,0.5972083806991577
9,0.45,0.3074594736099243,0.3091792166233063,0.3082748353481293,0.3192942440509796,0.3160291612148285
10,0.45,0.2740001082420349,0.265293151140213,0.26439076662063604,0.26809507608413696,0.2658289968967438
11,0.75,0.4579317271709442,0.460376113653183,0.4681501388549805,0.45591378211975103,0.4739779233932495
12,0.44,0.3887892961502075,0.3841107785701752,0.3998479247093201,0.40355533361434937,0.4050998389720917
13,0.36,0.31723320484161377,0.3124764859676361,0.34844428300857544,0.34636014699935913,0.3358554244041443
14,0.89,0.9196922779083252,0.9141331315040588,0.9332576394081116,0.9358837604522704,0.9362798929214478
15,0.36,0.309571385383606,0.3048810064792633,0.2970679700374603,0.2963143289089203,0.2987985610961914
16,0.29,0.26862189173698425,0.2655628323554993,0.2685396373271942,0.2599840760231018,0.26239725947380066
17,1.19,0.6173958778381348,0.6161381602287292,0.6123406291007996,0.5958205461502075,0.5940619707107544
